0.1
2.221733601341544
169.58008804018436
0.2
2.220703306480309
167.81343046650082
0.30000000000000004
2.219540493836513
160.6412032954155
0.4
2.218170030977211
151.62479691278847
0.5
2.2232670828427676
139.42373860205913
0.6
2.2300458126242146
129.72946633423135
0.7
2.2412925462998565
114.49607596576604
0.7999999999999999
2.2529227407723385
103.49694252477649
0.8999999999999999
2.261673579822087
94.25649913473293
0.9999999999999999
2.275341702035041
78.69389019078157
1.0999999999999999
2.284118473038158
70.10130600943384
1.2
2.2898772827479568
58.84758349849452
1.3
2.2955265652947876
53.63623390921191
1.4000000000000001
2.295263117242242
48.569251935654044
1.5000000000000002
2.279587417339479
47.49593217939075
1.6000000000000003
2.2523360812005304
47.23465049702386
1.7000000000000004
2.2121537425165423
50.14567295227187
1.8000000000000005
2.1989994182240205
52.2691287024191
1.9000000000000006
2.150659248152534
55.0693761494481
2.0000000000000004
2.1192648420961526
55.633254802422385
2.1000000000000005
2.0975814197560694
51.658269839532636
2.2000000000000006
2.0725899100244094
49.890791639109324
2.3000000000000007
2.052265216436507
47.329228097207206
2.400000000000001
2.0245303948792284
46.23198010195536
2.500000000000001
1.9975701661708278
46.02346985307436
2.600000000000001
1.9626629796191213
49.94992161842566
2.700000000000001
1.9330551915135474
50.071273658669
2.800000000000001
1.9063558275512196
48.98000297450295
2.9000000000000012
1.8804272752695095
46.1398136162559
3.0000000000000013
1.865783107082125
43.06055272075279
3.1000000000000014
1.8550040529278238
40.38913492676113
3.2000000000000015
1.8550040529278238
40.38913492676113
3.3000000000000016
1.8550040529278238
40.38913492676113
3.4000000000000017
1.7393167579973643
39.68885841238601
3.5000000000000018
1.702521544023939
40.99398648764603
3.600000000000002
1.6530539244569669
42.413709727873645
3.700000000000002
1.6373393935780178
42.54283803932384
3.800000000000002
1.5750500372683456
39.12187165321207
3.900000000000002
1.5499984641163145
35.192754410887694
4.000000000000002
1.5499984641163145
35.192754410887694
4.100000000000001
1.5038597501729103
33.080377277840235
4.200000000000001
1.4687233385814797
33.85466270618044
4.300000000000001
1.4687233385814797
33.85466270618044
4.4
1.4687233385814797
33.85466270618044
4.5
1.4687233385814797
33.85466270618044
4.6
1.4687233385814797
33.85466270618044
4.699999999999999
1.2504237297321252
39.569789209806935
4.799999999999999
1.2219490111214728
39.318014972502766
4.899999999999999
1.1868235738558888
31.466132302466438
4.999999999999998
1.1693844045372606
24.41922791517076
5.099999999999998
1.151665145862823
19.957025114745072
5.1999999999999975
1.1134862786261701
20.604153279003995
5.299999999999997
1.0804400725274148
21.578471529384984
5.399999999999997
1.019487699786581
23.058315343597123
5.4999999999999964
0.968863416966503
24.904318903451117
5.599999999999996
0.921044997541751
26.210849645219465
5.699999999999996
0.8631682130585561
26.20541179255421
5.799999999999995
0.8289399585382451
21.522213808994
5.899999999999995
0.8011883137529342
14.815770062327763
5.999999999999995
0.7792465116673049
9.839906130374837
6.099999999999994
0.7337236111040756
11.007817182235092
6.199999999999994
0.6895264048203044
12.035683598331055
6.299999999999994
0.6172759460592913
13.355417469405449
6.399999999999993
0.5570246973695712
14.256467112579678
6.499999999999993
0.5223130408326608
14.86360438872932
6.5999999999999925
0.4539273775469671
13.936218408865171
6.699999999999992
0.4419003022265291
13.054780765851994
6.799999999999992
0.3871308550556704
4.357728100437929
6.8999999999999915
0.356844263028666
-0.5947838067972817
6.999999999999991
0.31446980083256576
-0.1712714923863799
7.099999999999991
0.2591754503120428
-0.10924448682873347
7.19999999999999
0.1794738000326209
2.0772648496438806
7.29999999999999
0.15059094550912194
3.66667544331516
7.39999999999999
0.06851267812400184
8.926509027074426