0.1
2.8819461301971554
-178.29674589691905
0.2
2.8819461301971554
-178.29674589691905
0.30000000000000004
2.8819461301971554
-178.29674589691905
0.4
2.8793829092184424
-158.29003260068734
0.5
2.8804564091284495
-146.0690810628675
0.6
2.882512796171686
-137.45161670797225
0.7
2.8861245450741304
-123.46618609970297
0.7999999999999999
2.8897149726137896
-112.13764403819087
0.8999999999999999
2.8953658117507066
-100.44919915903743
0.9999999999999999
2.9020307329016806
-90.4834829087365
1.0999999999999999
2.9118581510139094
-81.40706053973881
1.2
2.922369996261388
-72.33757880946332
1.3
2.9317522553824342
-65.16073260712642
1.4000000000000001
2.927255710507888
-63.14385749656224
1.5000000000000002
2.9077334788420606
-63.59381973476382
1.6000000000000003
2.8830903465132045
-64.79150804051665
1.7000000000000004
2.8703447283520225
-65.42253434783065
1.8000000000000005
2.829701231425724
-66.69138423936674
1.9000000000000006
2.8022655772856213
-67.83474507035778
2.0000000000000004
2.7792505554422124
-68.2435341945822
2.1000000000000005
2.756169649199311
-67.63709223343808
2.2000000000000006
2.736195523269444
-67.21608827542927
2.3000000000000007
2.7147263808351383
-66.21475753589706
2.400000000000001
2.6972554708789396
-65.32022118654234
2.500000000000001
2.672572666288958
-64.51806439505245
2.600000000000001
2.6559945682099633
-64.9048919776698
2.700000000000001
2.6299102722022725
-65.06015291245934
2.800000000000001
2.6092853214816456
-64.05529047408417
2.9000000000000012
2.6017863347811905
-63.69434143820369
3.0000000000000013
2.571328618745032
-61.73840351031394
3.1000000000000014
2.5519542444094383
-61.47119551883326
3.2000000000000015
2.5270350027421458
-60.97209679463241
3.3000000000000016
2.506356127799645
-60.24242070282996
3.4000000000000017
2.506356127799645
-60.24242070282996
3.5000000000000018
2.506356127799645
-60.24242070282996
3.600000000000002
2.506356127799645
-60.24242070282996
3.700000000000002
2.506356127799645
-60.24242070282996
3.800000000000002
2.506356127799645
-60.24242070282996
3.900000000000002
2.506356127799645
-60.24242070282996
4.000000000000002
2.506356127799645
-60.24242070282996
4.100000000000001
2.506356127799645
-60.24242070282996
4.200000000000001
2.506356127799645
-60.24242070282996
4.300000000000001
2.506356127799645
-60.24242070282996
4.4
2.506356127799645
-60.24242070282996
4.5
2.1823123416089185
-55.55403508214623
4.6
2.15582928478131
-55.387518158888284
4.699999999999999
2.1243419541479356
-51.69959819366921
4.799999999999999
2.103127824820146
-47.5632359256491
4.899999999999999
2.0732603106224867
-45.65973915537797
4.999999999999998
2.0364385649796017
-46.97943118946089
5.099999999999998
2.0066640114369974
-47.95106274953143
5.1999999999999975
1.962121655066653
-48.420143065715024
5.299999999999997
1.925625134362537
-47.978545159721406
5.399999999999997
1.9051469746339393
-47.30126646416829
5.4999999999999964
1.8642838860557356
-45.36088357915256
5.599999999999996
1.832959652000143
-43.311368045309244
5.699999999999996
1.8022154538664037
-41.86779478645625
5.799999999999995
1.7665501332846523
-41.71489102481453
5.899999999999995
1.7276153693871419
-41.95333188018678
5.999999999999995
1.6877620893507341
-40.93945173792308
6.099999999999994
1.6538400810117322
-40.18970981306025
6.199999999999994
1.6122679509020108
-38.890700943554386
6.299999999999994
1.5742199992303942
-38.20539186446392
6.399999999999993
1.5412079518786872
-37.529668013278844
6.499999999999993
1.5079190122709298
-37.25934039881403
6.5999999999999925
1.4727824930413826
-36.40217072169116
6.699999999999992
1.4413746921144686
-35.344276622820544
6.799999999999992
1.403729377364006
-33.89963499300191
6.8999999999999915
1.374310885055079
-32.57695659571084
6.999999999999991
1.338031604139723
-31.87134520635874
7.099999999999991
1.3047266651789413
-31.23281912828072
7.19999999999999
1.2520823812549486
-30.170302352949516
7.29999999999999
1.2127992411080546
-30.11437928125215
7.39999999999999
1.1808509116084633
-29.580866303030152
7.499999999999989
1.1479933769194122
-27.672360860068604
7.599999999999989
1.1180487088310074
-26.51083593681892
7.699999999999989
1.0788459453323436
-25.61961066995903
7.799999999999988
1.0460241334550022
-24.248221333220055
7.899999999999988
1.0020279131452314
-22.421509089435993
7.999999999999988
0.9697389590700527
-22.489322072439617
8.099999999999987
0.9124453378951828
-23.631997751658265
8.199999999999987
0.872911494203703
-22.60849993966543
8.299999999999986
0.8388655508893755
-18.88993468087736
8.399999999999986
0.8141248582598394
-13.064661777099388
8.499999999999986
0.7870824160740549
-11.602807620552499
8.599999999999985
0.7372364275796811
-11.451174059287917
8.699999999999985
0.6859028167977415
-11.470174203113148
8.799999999999985
0.6105724873477906
-11.070451648425664
8.899999999999984
0.5532039343852537
-12.179168417109896
8.999999999999984
0.488600306005713
-11.71284446410828
9.099999999999984
0.4283759196923951
-10.564239861697525
9.199999999999983
0.3813350622944451
-9.676738029973126
9.299999999999983
0.33538761273903
-8.664371019031703
9.399999999999983
0.29173471120114136
-8.210963603187299
9.499999999999982
0.25429398477207515
-7.37896804291183
9.599999999999982
0.22599147605769135
-7.074054015856253
9.699999999999982
0.18497569975566952
-3.9706896936531337
9.799999999999981
0.15916496460780383
0.09254068351932995
9.89999999999998
0.13557239174951752
2.566467994183728
9.99999999999998
0.10632324277461368
2.51220285559122
10.09999999999998
0.07146141408323857
3.8622883069443565