0.1
2.10333917825519
177.126877538757
0.2
2.103058219799517
176.81529629453195
0.30000000000000004
2.100803913389976
171.18395443306977
0.4
2.1060853119603755
152.66123460782572
0.5
2.112166279061409
142.59878353679557
0.6
2.123850800452851
130.8763243963157
0.7
2.13321400081012
121.67996986971086
0.7999999999999999
2.134788216589918
114.58138939705903
0.8999999999999999
2.1377728513293928
105.80355659699988
0.9999999999999999
2.140814322325487
98.22172119369017
1.0999999999999999
2.1405468002732677
93.20521337731557
1.2
2.144005979432289
81.02256044969286
1.3
2.1506332415546106
71.23551594152003
1.4000000000000001
2.1570888545437366
59.247548426560854
1.5000000000000002
2.1595741828458164
51.164277883803145
1.6000000000000003
2.1548288634571757
39.291375678036644
1.7000000000000004
2.1397839322381067
37.76186798404643
1.8000000000000005
2.1057771928150832
39.60718872366183
1.9000000000000006
2.0679062806611705
40.96075335820257
2.0000000000000004
2.0380935194063503
43.47955829622335
2.1000000000000005
1.9839031914260257
47.171163627703294
2.2000000000000006
1.9449024601798584
47.591085434566274
2.3000000000000007
1.9082845812136788
47.174362696922074
2.400000000000001
1.871848254379216
48.45326300867176
2.500000000000001
1.8426907105678443
47.036652481408495
2.600000000000001
1.8187735937004132
41.8276953009753
2.700000000000001
1.795876313967579
36.70772917244518
2.800000000000001
1.7695399216046077
37.06803873780775
2.9000000000000012
1.7238776846623676
38.05356447688479
3.0000000000000013
1.6883294555116006
39.648582715737554
3.1000000000000014
1.6302070883158635
42.100178795857715
3.2000000000000015
1.59368015361895
42.43105955229672
3.3000000000000016
1.5646301767500328
39.051207876801435
3.4000000000000017
1.5388274071081605
35.09065079057342
3.5000000000000018
1.5201986617220529
35.16766214338237
3.600000000000002
1.4938653266576916
34.56086113128388
3.700000000000002
1.448307873225994
35.49187206443625
3.800000000000002
1.410861980714258
35.47256510791352
3.900000000000002
1.3794551186441024
35.57203711639644
4.000000000000002
1.3492394780478445
35.30404915961452
4.100000000000001
1.3206411711185273
34.87360134792191
4.200000000000001
1.2983872525803668
34.17591281445535
4.300000000000001
1.282385239310624
32.713347794929696
4.4
1.2716149577057427
29.046055798822426
4.5
1.2545768270537165
21.35224811276251
4.6
1.23308641223161
19.20353084698374
4.699999999999999
1.1751352203235266
22.202135263943966
4.799999999999999
1.1399944457566813
23.37989714956217
4.899999999999999
1.0985614104218515
24.822848522299175
4.999999999999998
1.015860932377399
27.578535554900597
5.099999999999998
0.9484158920595546
27.000394332513128
5.1999999999999975
0.9080099470607882
22.018188966989538
5.299999999999997
0.8726838735519787
14.0501284630616
5.399999999999997
0.8411713094188099
11.151357795803422
5.4999999999999964
0.794435800119726
12.54325594357478
5.599999999999996
0.7389573579984312
13.940220948256453
5.699999999999996
0.6797344654008002
15.223579681085239
5.799999999999995
0.6212553907752889
15.594525337768038
5.899999999999995
0.5672461074561778
15.662372142328024
5.999999999999995
0.5228007256105415
15.837825963710955
6.099999999999994
0.48896597478555553
13.564461956872575
6.199999999999994
0.4430723042672037
6.937904100053211
6.299999999999994
0.4165356089232797
0.91295058713989
6.399999999999993
0.3828470135833936
0.09217914009659912
6.499999999999993
0.358263702887172
0.9362631614549548
6.5999999999999925
0.2699994990757392
1.8621173160125448
6.699999999999992
0.2016772040143367
2.436882896991443
6.799999999999992
0.1523744492810134
3.5715424428106872
6.8999999999999915
0.09131568986179589
8.11592334702077