0.1
2.2269098947948884
-165.74830840849918
0.2
2.229031789806522
-164.5017503384094
0.30000000000000004
2.2340331531860627
-156.9358962126725
0.4
2.238903674847101
-147.03032723127774
0.5
2.245420050813667
-134.8894860224782
0.6
2.252538471202371
-123.1557185899469
0.7
2.2609063637862525
-111.97793095208043
0.7999999999999999
2.274055754571869
-99.75518504136937
0.8999999999999999
2.2873031213236596
-90.14111351270309
0.9999999999999999
2.2873031213236596
-90.14111351270309
1.0999999999999999
2.2873031213236596
-90.14111351270309
1.2
2.2873031213236596
-90.14111351270309
1.3
2.2873031213236596
-90.14111351270309
1.4000000000000001
2.2873031213236596
-90.14111351270309
1.5000000000000002
2.2873031213236596
-90.14111351270309
1.6000000000000003
2.3380869861711613
0.5885888943361542
1.7000000000000004
2.332332333699146
12.391966423603465
1.8000000000000005
2.303717736304874
14.832961559736045
1.9000000000000006
2.2601481321846597
15.94123898491491
2.0000000000000004
2.2059884059988386
17.752641379065455
2.1000000000000005
2.151802422247698
18.78026166539096
2.2000000000000006
2.0955793354103758
18.97038184120376
2.3000000000000007
2.0220747206138086
19.810445284280846
2.400000000000001
1.9775339600635984
21.043673865763328
2.500000000000001
1.9046235004901235
23.865640621764637
2.600000000000001
1.832257291466406
25.228099616393152
2.700000000000001
1.799401045933244
25.804602798766375
2.800000000000001
1.7101544860488374
28.495154075241818
2.9000000000000012
1.6445265655508852
30.24213720350991
3.0000000000000013
1.5901933567820858
31.16790627169355
3.1000000000000014
1.5313720871093417
32.27352142925451
3.2000000000000015
1.4818253170084583
33.39122027957087
3.3000000000000016
1.4098656604420254
37.06890430425679
3.4000000000000017
1.3645663939286345
38.30414796734138
3.5000000000000018
1.3262224167203827
35.03953225060881
3.600000000000002
1.3116111588765733
32.09321685154085
3.700000000000002
1.2804619313490746
22.413651959589355
3.800000000000002
1.2513446004451372
15.557838996945017
3.900000000000002
1.2080747962347027
15.906935712236477
4.000000000000002
1.1536438901791612
17.36551451080891
4.100000000000001
1.099049851254519
18.583303745735492
4.200000000000001
1.0231396034229092
21.012489775857713
4.300000000000001
0.9753219021977858
22.864743729000377
4.4
0.9118470519765693
24.057993309947143
4.5
0.8592268940125071
23.81866470501753
4.6
0.8207647320882168
21.502879071560557
4.699999999999999
0.8101588125812277
19.98570298142047
4.799999999999999
0.8101588125812277
19.98570298142047
4.899999999999999
0.8101588125812277
19.98570298142047
4.999999999999998
0.8101588125812277
19.98570298142047
5.099999999999998
0.8101588125812277
19.98570298142047
5.1999999999999975
0.8101588125812277
19.98570298142047
5.299999999999997
0.8101588125812277
19.98570298142047
5.399999999999997
0.5735902345141705
-27.608451200404875
5.4999999999999964
0.5435416525678279
-33.28425835112309
5.599999999999996
0.5363284072022078
-27.30523784302518
5.699999999999996
0.5363284072022078
-27.30523784302518
5.799999999999995
0.5363284072022078
-27.30523784302518
5.899999999999995
0.5363284072022078
-27.30523784302518
5.999999999999995
0.5363284072022078
-27.30523784302518
6.099999999999994
0.5302817460854816
21.95815539592433
6.199999999999994
0.5304932067239496
25.92989699296188
6.299999999999994
0.5353280901338705
18.846044373810482
6.399999999999993
0.5367816547596852
14.00761470843016
6.499999999999993
0.5361895358046656
11.06660261197172
6.5999999999999925
0.525093757759015
1.3368601968986438
6.699999999999992
0.525093757759015
1.3368601968986438
6.799999999999992
0.525093757759015
1.3368601968986438
6.8999999999999915
0.525093757759015
1.3368601968986438
6.999999999999991
0.525093757759015
1.3368601968986438
7.099999999999991
0.257864021795103
3.168996945958722
7.19999999999999
0.20712465115339995
4.909609322778955
7.29999999999999
0.13948388052254945
8.19332289967221
7.39999999999999
0.078411854943292
14.131185280276652